1 0.397328 0.869392 0.085760 0.076032
1 0.487376 0.827272 0.085760 0.076048
1 0.573232 0.798656 0.085760 0.076032
1 0.647304 0.786864 0.085744 0.076032
1 0.712960 0.773400 0.085760 0.076048
1 0.470536 0.906400 0.085744 0.076032
1 0.561448 0.869360 0.085744 0.076032
1 0.643944 0.842424 0.085744 0.076048
1 0.726432 0.828152 0.085760 0.047344
1 0.807240 0.805384 0.085744 0.047344
1 0.884680 0.837368 0.085744 0.047344
1 0.807240 0.855896 0.085744 0.047344
1 0.728112 0.881144 0.085760 0.047344
1 0.643944 0.908088 0.085744 0.047344
1 0.554712 0.945112 0.085744 0.047344
