1 0.190100 0.486368 0.053280 0.061265
1 0.274140 0.488043 0.053280 0.061265
1 0.351617 0.488043 0.053287 0.061265
1 0.436970 0.493094 0.053287 0.061265
1 0.436970 0.557068 0.053287 0.061265
1 0.352930 0.557068 0.053287 0.061265
1 0.266263 0.555385 0.053287 0.061265
1 0.112627 0.488043 0.053280 0.061265
1 0.096867 0.560436 0.053280 0.061265
1 0.182220 0.558752 0.053280 0.061265
1 0.563030 0.491410 0.053287 0.061265
1 0.644443 0.489726 0.053287 0.061265
1 0.728483 0.491410 0.053287 0.061265
1 0.807273 0.484684 0.053280 0.061265
1 0.891313 0.479632 0.053280 0.061265
1 0.647070 0.555385 0.053287 0.061265
1 0.731110 0.553701 0.053287 0.061265
1 0.819090 0.552017 0.053287 0.061265
1 0.899193 0.552017 0.053280 0.061265
1 0.561717 0.626094 0.053287 0.061265
