1 0.122071 0.592421 0.060429 0.098814
1 0.196971 0.597479 0.060429 0.098814
1 0.196971 0.705221 0.060429 0.098814
1 0.117843 0.706907 0.060429 0.098814
1 0.299657 0.597479 0.060429 0.098814
1 0.370371 0.595793 0.060429 0.098814
1 0.299657 0.701850 0.060429 0.098814
1 0.377100 0.703536 0.060429 0.098814
1 0.471386 0.600843 0.060429 0.098800
1 0.540400 0.599164 0.060429 0.098814
1 0.473057 0.705221 0.060429 0.098814
1 0.552186 0.705221 0.060429 0.098814
1 0.638043 0.597479 0.060429 0.098814
1 0.710443 0.597479 0.060429 0.098814
1 0.653200 0.703536 0.060429 0.098814
1 0.725586 0.706907 0.060429 0.098814
1 0.811443 0.600843 0.060429 0.098800
1 0.880471 0.599164 0.060429 0.098814
1 0.823229 0.703536 0.060429 0.098814
1 0.898986 0.703536 0.060429 0.098814
