1 0.297145 0.142947 0.075568 0.104247
1 0.382159 0.140405 0.075568 0.104247
1 0.468011 0.140405 0.075568 0.104247
1 0.555554 0.140405 0.075568 0.104247
1 0.643097 0.142088 0.075568 0.104261
1 0.301349 0.258246 0.075568 0.104247
1 0.387202 0.256570 0.075568 0.104247
1 0.468011 0.254879 0.075568 0.104247
1 0.555554 0.256570 0.075568 0.104247
1 0.643097 0.254879 0.075568 0.104247
1 0.644787 0.367678 0.075568 0.104247
1 0.555554 0.369361 0.075568 0.104261
1 0.471378 0.369361 0.075568 0.104261
1 0.385526 0.369361 0.075568 0.104261
1 0.299659 0.369361 0.075568 0.104261
