1 0.120371 0.572193 0.067571 0.052243
1 0.198657 0.573064 0.067571 0.052243
1 0.200343 0.628621 0.067571 0.052243
1 0.119529 0.626936 0.067571 0.052243
1 0.121214 0.680807 0.067571 0.052243
1 0.198657 0.680807 0.067571 0.052243
1 0.116157 0.738050 0.067571 0.052243
1 0.196971 0.738050 0.067571 0.052243
1 0.296300 0.571379 0.067571 0.052243
1 0.372057 0.571379 0.067571 0.052243
1 0.299657 0.623564 0.067571 0.052243
1 0.375414 0.625250 0.067571 0.052243
1 0.297986 0.675757 0.067571 0.052257
1 0.383843 0.679121 0.067571 0.052243
1 0.375414 0.734679 0.067571 0.052243
1 0.296300 0.727950 0.067571 0.052243
1 0.299657 0.785186 0.067571 0.052257
1 0.471386 0.574750 0.067571 0.052243
1 0.537043 0.571379 0.067571 0.052243
1 0.468014 0.623564 0.067571 0.052243
1 0.542086 0.625250 0.067571 0.052243
1 0.639729 0.623564 0.067571 0.052243
1 0.715486 0.623564 0.067571 0.052243
1 0.651514 0.684179 0.067571 0.052243
1 0.722229 0.677436 0.067571 0.052243
1 0.658243 0.781821 0.067571 0.052243
1 0.730643 0.785186 0.067571 0.052257
1 0.828286 0.731314 0.067571 0.052257
1 0.821543 0.677436 0.067571 0.052243
1 0.883843 0.621886 0.067571 0.052257
1 0.803029 0.576436 0.067571 0.052243
1 0.897300 0.731314 0.067571 0.052257
1 0.897300 0.731314 0.067571 0.052257
1 0.897300 0.679121 0.067571 0.052243
