1 0.302202 0.142912 0.077699 0.095426
1 0.382159 0.141250 0.077699 0.095426
1 0.468011 0.142926 0.077699 0.095426
1 0.553878 0.144616 0.077699 0.095426
1 0.639730 0.146293 0.077699 0.095426
1 0.553878 0.254041 0.077699 0.095412
1 0.473068 0.254041 0.077699 0.095412
1 0.378793 0.252358 0.077699 0.095426
1 0.306392 0.259091 0.077699 0.095426
1 0.296293 0.360099 0.077699 0.095426
1 0.380469 0.366832 0.077699 0.095426
1 0.471378 0.368523 0.077699 0.095426
1 0.558920 0.368523 0.077699 0.095426
1 0.643097 0.358423 0.077699 0.095426
1 0.643097 0.247301 0.077699 0.095426
