1 0.665836 0.407231 0.062922 0.114434
1 0.661965 0.157237 0.062914 0.114420
1 0.723664 0.167340 0.062922 0.114434
1 0.783438 0.174072 0.062922 0.114420
1 0.847063 0.170709 0.062922 0.114434
1 0.913586 0.172394 0.062922 0.114420
1 0.915516 0.288554 0.062922 0.114434
1 0.850922 0.293602 0.062922 0.114434
1 0.782473 0.295286 0.062914 0.114420
1 0.724629 0.409761 0.062914 0.114420
1 0.784398 0.413131 0.062922 0.114420
1 0.849957 0.416501 0.062914 0.114420
1 0.919371 0.421548 0.062914 0.114420
1 0.923227 0.544447 0.062922 0.114434
1 0.924191 0.663977 0.062914 0.114420
1 0.924191 0.778452 0.062914 0.114420
1 0.854777 0.662292 0.062914 0.114434
1 0.853813 0.537708 0.062922 0.114434
1 0.854777 0.783499 0.062914 0.114420
1 0.794039 0.785184 0.062922 0.114434
1 0.784398 0.660607 0.062922 0.114420
